6,7,-16777216
6,6,-16777216
6,5,-16777216
7,5,-16777216
7,4,-16777216
8,4,-16777216
8,3,-16777216
9,3,-16777216
11,3,-16777216
12,3,-16777216
13,3,-16777216
15,3,-16777216
16,3,-16777216
16,4,-16777216
17,4,-16777216
18,4,-16777216
19,4,-16777216
19,3,-16777216
19,2,-16777216
18,2,-16777216
17,2,-16777216
16,2,-16777216
15,2,-16777216
13,2,-16777216
12,2,-16777216
11,2,-16777216
9,4,-16777216
9,5,-16777216
9,6,-16777216
9,7,-16777216
9,8,-16777216
9,9,-16777216
10,9,-16777216
11,9,-16777216
12,9,-16777216
13,9,-16777216
14,9,-16777216
16,9,-16777216
16,8,-16777216
13,7,-16777216
12,7,-16777216
10,7,-16777216
8,7,-16777216
7,7,-16777216
5,7,-16777216
5,8,-16777216
5,9,-16777216
5,10,-16777216
6,10,-16777216
7,10,-16777216
8,11,-16777216
9,11,-16777216
10,11,-16777216
11,11,-16777216
12,11,-16777216
13,11,-16777216
14,11,-16777216
15,10,-16777216
9,14,-16777216
8,14,-73728
25,7,-73728
24,7,-73728
23,7,-73728
22,7,-73728
21,6,-73728
20,6,-73728
19,6,-73728
18,6,-73728
17,6,-73728
16,6,-73728
15,6,-73728
15,7,-73728
14,7,-73728
14,8,-73728
13,8,-73728
12,8,-73728
11,8,-73728
11,7,-73728
11,6,-73728
10,5,-73728
10,4,-73728
10,3,-73728
10,2,-73728
11,1,-73728
12,1,-73728
13,1,-73728
14,1,-73728
14,2,-73728
14,3,-73728
14,4,-73728
14,5,-73728
14,6,-73728
15,9,-73728
16,10,-73728
17,10,-73728
18,10,-73728
21,5,-73728
