11,5,-16777216
11,6,-16777216
12,6,-16777216
12,7,-16777216
17,7,-16777216
17,6,-16777216
17,5,-16777216
17,3,-16777216
16,3,-16777216
21,5,-16777216
5,14,-65536
11,4,-65536
8,5,-65536
8,6,-65536
7,6,-65536
7,7,-65536
7,8,-65536
8,9,-65536
9,9,-65536
11,9,-65536
13,3,-65536
12,2,-65536
11,2,-65536
10,2,-65536
9,2,-65536
8,2,-65536
7,3,-65536
6,3,-65536
5,3,-65536
5,4,-65536
4,4,-65536
4,5,-65536
3,5,-65536
3,6,-65536
2,7,-65536
2,8,-65536
14,6,-65536
11,7,-65536
9,7,-65536
7,5,-65536
16,4,-65536
18,4,-65536
18,5,-65536
19,6,-65536
19,7,-65536
18,7,-65536
18,8,-65536
17,9,-65536
10,10,-65536
7,9,-65536
6,9,-65536
6,8,-65536
5,8,-65536
5,7,-65536
5,6,-65536
6,4,-65536
12,3,-65536
13,2,-65536
7,14,-16711936
5,2,-16711936
6,2,-16711936
7,2,-16711936
8,3,-16711936
9,3,-16711936
9,4,-16711936
9,5,-16711936
10,5,-16711936
10,6,-16711936
10,7,-16711936
10,8,-16711936
10,9,-16711936
11,10,-16711936
14,9,-16711936
15,8,-16711936
15,7,-16711936
15,5,-16711936
12,4,-16711936
11,3,-16711936
10,3,-16711936
7,4,-16711936
6,5,-16711936
5,5,-16711936
4,6,-16711936
4,7,-16711936
3,7,-16711936
3,8,-16711936
3,9,-16711936
8,14,-65536
9,14,-1114300
13,5,-1114300
13,6,-1114300
13,7,-1114300
12,8,-1114300
12,9,-1114300
12,10,-1114300
13,10,-1114300
13,11,-1114300
14,11,-1114300
14,10,-1114300
15,10,-1114300
16,10,-1114300
16,9,-1114300
16,8,-1114300
16,7,-1114300
15,6,-1114300
6,6,-1114300
