22,15,-16777216
5,14,-65536
17,6,-65536
16,6,-65536
15,7,-65536
14,7,-65536
13,7,-65536
12,7,-65536
11,7,-65536
10,7,-65536
9,7,-65536
9,6,-65536
8,6,-65536
7,6,-65536
7,5,-65536
7,4,-65536
7,3,-65536
8,3,-65536
8,2,-65536
9,2,-65536
10,2,-65536
11,2,-65536
12,2,-65536
12,3,-65536
13,3,-65536
13,4,-65536
13,5,-65536
12,6,-65536
11,8,-65536
11,9,-65536
10,9,-65536
10,10,-65536
9,10,-65536
9,11,-65536
7,14,-16711936
15,9,-16711936
15,10,-16711936
16,9,-16711936
17,9,-16711936
19,8,-16711936
20,7,-16711936
21,6,-16711936
22,6,-16711936
22,5,-16711936
23,4,-16711936
22,4,-16711936
22,3,-16711936
21,3,-16711936
20,2,-16711936
19,2,-16711936
19,3,-16711936
18,4,-16711936
18,5,-16711936
18,6,-16711936
18,7,-16711936
19,7,-16711936
20,8,-16711936
20,9,-16711936
21,9,-16711936
